06/02/18 20:28, 2.14678, 48.81318, 4.2, 5, 6754, 80.6
06/03/18 06:54, 2.14636, 48.81321, 4.2, 6.9, 3665, 80.7
06/03/18 14:10, 2.27174, 48.7458, 4.2, 6.7, 5563, 80.7
06/04/18 06:47, 2.35926, 48.73002, 4, 7, 8537, 80.7
06/04/18 16:03, 3.09949, 45.77642, 2.6, 6.4, 10972, 80.7
06/05/18 15:05, 3.09393, 45.78405, 4, 6.7, 10935, 80.2
06/06/18 08:24, 3.09383, 45.78424, 3.8, 7.1, 9212, 80.2
06/06/18 16:25, 3.09392, 45.78405, 4.9, 7.1, 9117, 79.9
06/07/18 11:17, 3.09384, 45.78429, 4.8, 6.5, 9213, 79.8
06/07/18 14:38, 3.09346, 45.7838, 4, 6.5, 9031, 79.8
06/08/18 07:15, 2.15175, 48.82989, 5.2, 6.8, 9297, 79.8
06/09/18 14:21, 2.14648, 48.81325, 4.9, 6.5, 10429, 80.5
06/10/18 14:04, 2.14649, 48.81324, 5.2, 7.2, 13482, 80.9
06/11/18 10:51, 3.09383, 45.78414, 5.5, 7.2, 10335, 80.9
06/12/18 08:42, 3.09384, 45.78424, 5.2, 7, 14076, 80.2
06/12/18 11:53, 3.09244, 45.78524, 3.6, 7, 11847, 80.2
06/13/18 08:57, 3.09386, 45.78422, 5.1, 7, 11711, 79.8
06/13/18 14:42, 3.09379, 45.78433, 5.4, 7, 11232, 79.8
06/13/18 15:39, 3.09367, 45.78347, 3.8, 7, 11187, 79.8
06/14/18 14:39, 3.12368, 45.84354, 5.4, 6.5, 7764, 79.6
06/15/18 12:50, 2.33817, 48.86373, 5.2, 6.2, 7390, 79.8
06/16/18 14:01, 2.14654, 48.81326, 5.3, 7, 11499, 79.2
06/17/18 11:05, 2.14719, 48.81314, 5.1, 6.5, 9258, 79.2
06/17/18 21:49, 2.14674, 48.81318, 5.1, 6.5, 8340, 79.2
06/18/18 12:04, 2.32493, 48.84316, 5.3, 7.5, 6979, 79.5
06/19/18 06:21, 2.14656, 48.81329, 5, 6.1, 9069, 80.5
06/20/18 08:04, 3.51421, 45.9578, 5.2, 6.1, 7679, 79.6
06/21/18 08:00, 3.09171, 45.7834, 5.3, 6.8, 9457, 79.5
06/22/18 09:01, 3.09328, 45.78386, 5.7, 7.5, 10732, 78.9
06/23/18 10:29, 2.14266, 48.80529, 5.3, 7.2, 16380, 79.4
06/24/18 07:45, 2.14689, 48.81317, 4.6, 6.2, 7459, 79.8
06/25/18 08:40, 2.33329, 48.86128, 4.4, 6.5, 7502, 79.8
06/25/18 17:15, 2.33329, 48.86128, 4.4, 6.5, 6167, 79.8
06/26/18 09:16, 2.33327, 48.86129, 3.9, 6.8, 7770, 79.8
06/26/18 15:16, 2.33326, 48.86129, 4.3, 6.8, 9653, 79.8
06/27/18 07:33, 3.09392, 45.78406, 5.8, 6.8, 11661, 79.1
06/27/18 17:11, 3.09393, 45.78404, 3.7, 6.8, 10015, 79.1
06/28/18 12:40, 3.09318, 45.78298, 4.8, 6.2, 18588, 78.7
07/01/18 13:10, 2.14641, 48.81301, 4.5, 7, 10104, 78.7
07/02/18 13:20, 9.10999, 48.74857, 4.8, 7.2, 7315, 78.7
07/02/18 13:41, 9.10923, 48.74866, 2.3, 7.2, 7056, 78.7
07/02/18 14:00, 9.10942, 48.74865, 1, 7.2, 7140, 78.7
07/02/18 14:32, 9.10999, 48.74857, 3.7, 7.2, 6993, 78.7
07/03/18 07:22, 9.0038, 48.69039, 5, 7, 6686, 79.4
07/03/18 14:21, 9.19526, 48.68974, 5, 7, 6843, 78.7
07/04/18 16:37, 2.21808, 48.8445, 4.7, 7.8, 9127, 78.7
07/09/18 07:47, 2.7771, 48.39323, 4.5, 5.2, 9412, 80.2
07/10/18 10:40, 3.09349, 45.78371, 3.9, 7.5, 10154, 80.2
07/11/18 09:36, 2.96909, 45.7451, 3.8, 5.8, 12360, 80.2
07/11/18 14:10, 3.09331, 45.78387, 3.4, 5.8, 10891, 80.2
07/12/18 09:55, 3.0938, 45.78423, 5.2, 6.8, 7386, 80.4
07/12/18 14:30, 4.82664, 45.72794, 3.6, 6.8, 7139, 80.4
07/12/18 15:06, 4.82673, 45.72794, 4.4, 6.8, 7085, 80.4
07/13/18 19:22, 5.2081, 43.85025, 4.8, 6.2, 5281, 80.4
07/17/18 06:56, 3.09379, 45.78425, 5.1, 7.1, 5140.2, 81.1
07/17/18 14:04, 3.0939, 45.78406, 5.2, 6.5, 7154, 80.9
07/17/18 14:33, 3.09388, 45.78418, 3.4, 6.5, 7154, 81.1
07/18/18 12:16, 3.09252, 45.78362, 4.7, 6.2, 13453, 80.4
07/21/18 07:47, 2.14645, 48.81333, 4.9, 7.5, 10674, 80.1
07/23/18 08:43, 3.02282, 47.16769, 5.1, 6.8, 8389, 80.1
07/23/18 15:33, 3.09361, 45.78395, 3.5, 6.8, 8972, 80.1
07/24/18 08:18, 3.09381, 45.78425, 4.8, 6.2, 11944, 80.2
07/24/18 11:05, 3.0919, 45.78305, 3.9, 6.2, 9938, 80.2
07/25/18 07:50, 3.09567, 45.78834, 5.8, 7.5, 9428, 80.2
07/25/18 16:02, 3.09387, 45.78406, 4.2, 7.5, 14269, 80.2
07/26/18 10:49, 3.09271, 45.78367, 3.9, 5.2, 10825, 80.2
07/27/18 10:47, 2.23548, 48.82788, 5.1, 7.2, 8963, 79.9
07/28/18 17:50, 2.14688, 48.8127, 3.9, 7, 11157, 79.9
07/30/18 18:09, 2.59535, 48.9818, 4.2, 6.8, 4776, 79.9
07/31/18 19:51, -71.08257, 42.36305, 5.1, 6.8, 18120, 79.9
08/01/18 15:42, -71.08284, 42.36173, 5.8, 6.5, 7788, 79.9
08/03/18 14:00, 2.14654, 48.81317, 5.3, 6.8, 7713, 80.2
08/04/18 15:19, 2.28425, 48.76881, 4.6, 7.5, 9364, 80.1
08/05/18 17:33, 2.14651, 48.81328, 4.8, 6.7, 7094, 79.9
08/06/18 15:47, 2.14668, 48.8132, 4.9, 6.7, 8910, 80.6
08/08/18 15:40, 3.09381, 45.78424, 4.9, 7.2, 16174, 80.5
08/09/18 08:29, 3.09382, 45.78421, 5.1, 7.7, 19000, 80.7
08/10/18 13:30, 3.09427, 45.78365, 5.2, 6.5, 15487, 80.3
08/17/18 10:03, 2.27585, 48.87428, 5.3, 6.5, 19000, 80.1
08/17/18 14:08, -1.45047, 53.68542, 5.4, 6.5, 17147, 80.1
08/20/18 15:29, -21.92335, 64.53572, 5.8, 7.5, 7468, 80.1
08/21/18 15:52, -19.41659, 65.89895, 5.4, 7.8, 13699, 80.1
08/23/18 16:38, -20.82351, 65.62394, 5.1, 6.8, 9386, 80.1
08/24/18 14:33, -23.38432, 64.82311, 5, 7, 15222, 80.1
08/25/18 17:45, -21.94796, 64.14194, 4.9, 7, 10316, 80.1
08/26/18 16:30, 0, 0, 4.8, 6.6, 11328, 80.1
08/28/18 06:56, 3.09301, 45.78427, 6, 6.4, 13281, 80.1
08/29/18 12:20, 3.09378, 45.78427, 5.7, 7.5, 11054, 80.3
08/30/18 18:54, 3.09943, 45.7765, 5.2, 6.8, 6262, 79.9
09/01/18 21:56, 1.93478, 42.99934, 4.5, 7.5, 4854, 79.4
09/03/18 12:04, 3.09328, 45.78296, 4.9, 6.2, 5881, 79.8
09/04/18 10:28, 3.09373, 45.78428, 6.1, 7.5, 9826, 80.5
09/04/18 17:25, 3.09387, 45.78404, 3.9, 7.5, 8489, 80.5
09/05/18 13:46, 3.09381, 45.78426, 5.3, 7.2, 9416, 80.4
09/06/18 08:37, 3.09265, 45.7837, 4.6, 6.2, 7067, 80.1
09/06/18 13:30, 3.09264, 45.78369, 3.6, 6.2, 6645, 80.1
09/06/18 14:33, 3.09263, 45.78366, 5.1, 6.2, 6645, 80.1
09/07/18 10:41, 3.09266, 45.7837, 5.8, 7.5, 6408, 79.9
09/07/18 14:46, 3.09269, 45.78366, 5.5, 7.5, 7071, 79.9
09/07/18 15:59, 3.09264, 45.78368, 4, 7.5, 7009, 79.9
09/08/18 14:02, 2.14636, 48.8133, 5, 6.8, 9055, 80.2
09/09/18 11:05, 2.14686, 48.81316, 5.6, 7, 8730, 80.2
09/10/18 16:11, 2.12091, 48.81073, 5.2, 7.2, 8234, 80.7
09/11/18 14:25, 2.12072, 48.81042, 4.3, 6.8, 13426, 80.7
09/12/18 07:23, 2.14588, 48.81309, 5.5, 6.6, 13172, 80.7
09/14/18 17:55, 2.29543, 48.84993, 5.7, 7, 6682, 80.3
09/15/18 10:29, 2.11597, 48.82689, 6.4, 6.8, 8055, 80.2
09/16/18 07:51, 2.14675, 48.81315, 5.9, 6.8, 9139, 80
09/17/18 10:50, 2.82721, 49.00321, 6, 6.9, 11825, 80.6
09/19/18 01:49, -82.25844, 34.86296, 7, 6.2, 12651, 80.2
09/19/18 14:08, -82.25836, 34.86079, 6.3, 6.2, 12018, 80.2
09/19/18 21:58, -82.13768, 34.82531, 6, 6.2, 14412, 80.6
09/20/18 21:40, -80.83723, 35.15468, 5.2, 5.8, 11435, 80.3
09/21/18 17:15, -80.83754, 35.15912, 5.8, 6.5, 12417, 80.1
09/21/18 21:25, -80.93952, 35.22268, 5.9, 6.5, 13270, 80.3
09/22/18 18:33, -76.63857, 39.33254, 6.2, 6.8, 8668, 80.1
09/23/18 13:58, -76.63858, 39.33247, 5.3, 8.2, 10397, 80.4
09/23/18 20:19, -76.59879, 39.2814, 5.4, 8.2, 5522, 80
09/24/18 16:09, -77.07105, 39.05846, 5.6, 7, 7368, 80.4
09/25/18 18:38, -122.40346, 37.7837, 5.8, 6.8, 14709, 80.2
09/25/18 20:05, -122.40339, 37.7834, 4.5, 6.8, 16000, 80
09/26/18 20:11, -122.4019, 37.78767, 4.8, 5.8, 8970, 79.8
09/27/18 15:56, -122.40703, 37.78882, 6.5, 6.5, 18267, 80.3
09/27/18 23:03, -122.39063, 37.61128, 5.8, 6.5, 17411, 80.1
09/28/18 10:50, 0, 0, 5.3, 5.4, 5457, 80
09/30/18 18:01, 2.14784, 48.81757, 5.2, 6.1, 10976, 81
10/01/18 08:17, 2.15091, 48.81987, 5.3, 6.2, 12024, 80.6
10/01/18 16:29, 3.09352, 45.78374, 4.6, 6.2, 10584, 80.7
10/03/18 14:45, 3.09381, 45.78424, 4.7, 6.2, 10152, 80.9
10/04/18 11:27, 3.09407, 45.78335, 4.4, 7.2, 11514, 80.6
10/05/18 16:31, 2.19317, 48.71263, 4.1, 6.8, 7046, 80.6
10/07/18 07:28, 2.1467, 48.81336, 5, 6.8, 11782, 81
10/07/18 16:37, 2.35766, 48.72805, 5.1, 6.8, 12083, 80.6
10/08/18 13:48, -3.36834, 47.72672, 4.4, 7.5, 9913, 80.6
10/08/18 16:10, -3.36834, 47.72672, 2.9, 7.5, 9414, 80.6
10/11/18 09:10, -3.36834, 47.72672, 5.3, 7.2, 13176, 80.6
10/11/18 15:57, -3.36833, 47.72672, 4.5, 7.2, 7163, 80.1
10/12/18 14:40, -2.52605, 47.69519, 5.2, 8, 6234, 80.6
10/13/18 10:06, 0, 0, 5.3, 5.2, 10825, 80.6
10/14/18 16:32, 5.22367, 43.439, 5, 7.2, 14195, 80.2
